Bordeaux-1
1 55001U 23001A   23250.00000000  .00000023  00000-0  38292-4 0  9990
2 55001  97.5000  250.0000 0010000   0.0000  90.0000 14.89000000  00005
Bordeaux-2
1 55002U 23002A   23250.00000000  .00000023  00000-0  38292-4 0  9991
2 55002  97.5000  251.0000 0010000   0.0000  90.0000 14.89000000  00006
Bordeaux-3
1 55003U 23003A   23250.00000000  .00000023  00000-0  38292-4 0  9992
2 55003  97.5000  252.0000 0010000   0.0000  90.0000 14.89000000  00007
Bordeaux-4
1 55004U 23004A   23250.00000000  .00000023  00000-0  38292-4 0  9993
2 55004  97.5000  253.0000 0010000   0.0000  90.0000 14.89000000  00008
Bordeaux-5
1 55005U 23005A   23250.00000000  .00000023  00000-0  38292-4 0  9994
2 55005  97.5000  254.0000 0010000   0.0000  90.0000 14.89000000  00009
