SÉMILLON-1
1 80001U 24001A   24050.60000000  .00000000  00000-0  00000-0 0  0000
2 80001  98.7654 180.0000 0001000  90.0000 270.0000 14.76543210 00001
CAB-FRANC-2
1 80002U 24002A   24050.70000000  .00000000  00000-0  00000-0 0  0000
2 80002  97.5000 180.0000 0001000  72.0000 195.3000 14.76543210 00002
PETIT-VERDOT-3
1 80003U 24003A   24050.80000000  .00000000  00000-0  00000-0 0  0000
2 80003  98.7654 180.0000 0001000  54.0000 306.0000 14.76543210 00003
MALBEC-4
1 80004U 24004A   24050.90000000  .00000000  00000-0  00000-0 0  0000
2 80004  98.5000 180.0000 0001000  44.0000  64.0000 14.76543210 00004
MERLOT-5
1 80005U 24005A   24051.00000000  .00000000  00000-0  00000-0 0  0000
2 80005  98.5000 180.0000 0001000  26.0000  70.0000 14.76543210 00005
